370690236746641
52170740387176214
4163906621969
377450468653871
43320653878711
378440384363226
0960474773718858711
4612731074209
915386276789
45794849442969710
3415647192324116
7294428474957
1267533099212907
5306524130996438
5357003682246636
48834094593926212
3401051157350514
55543563097662014
3737808768250110
52554577184909113
372573517087526
53651127138513615
727200873801512
377812945603995
5496329017744694
5387768205898485
52574264756557014
3415823739179612
4537420241752
5336901012954705
5204435245273527
52634607821500413
4217808552396916
376844295947155
49220857351613
42129914174824614
3471925405682515
52898740587453511