1 : 1

1 : 1
2 : 1 2
4 : 1 2 4
8 : 1 2 4 8

1 : 1
2 : 1 2
4 : 1 2 4
8 : 1 2 4 8
16 : 1 2 4 8 16
32 : 1 2 4 8 16 32

1 : 1
3 : 1 3
9 : 1 3 9
27 : 1 3 9 27
81 : 1 3 9 27 81

1 : 1
2 : 1 2
4 : 1 2 4
5 : 1 5
10 : 1 2 5 10
20 : 1 2 4 5 10 20
25 : 1 5 25
50 : 1 2 5 10 25 50
100 : 1 2 4 5 10 20 25 50 100

1 : 1
2 : 1 2
3 : 1 3
4 : 1 2 4
6 : 1 2 3 6
8 : 1 2 4 8
9 : 1 3 9
12 : 1 2 3 4 6 12
16 : 1 2 4 8 16
18 : 1 2 3 6 9 18
24 : 1 2 3 4 6 8 12 24
36 : 1 2 3 4 6 9 12 18 36
48 : 1 2 3 4 6 8 12 16 24 48
72 : 1 2 3 4 6 8 9 12 18 24 36 72
144 : 1 2 3 4 6 8 9 12 16 18 24 36 48 72 144

1 : 1
2 : 1 2
4 : 1 2 4
5 : 1 5
8 : 1 2 4 8
10 : 1 2 5 10
20 : 1 2 4 5 10 20
25 : 1 5 25
40 : 1 2 4 5 8 10 20 40
50 : 1 2 5 10 25 50
100 : 1 2 4 5 10 20 25 50 100
200 : 1 2 4 5 8 10 20 25 40 50 100 200

1 : 1
2 : 1 2
4 : 1 2 4
53 : 1 53
106 : 1 2 53 106
212 : 1 2 4 53 106 212

1 : 1
3 : 1 3
5 : 1 5
9 : 1 3 9
15 : 1 3 5 15
25 : 1 5 25
45 : 1 3 5 9 15 45
75 : 1 3 5 15 25 75
225 : 1 3 5 9 15 25 45 75 225

1 : 1
2 : 1 2
3 : 1 3
4 : 1 2 4
6 : 1 2 3 6
9 : 1 3 9
12 : 1 2 3 4 6 12
18 : 1 2 3 6 9 18
27 : 1 3 9 27
36 : 1 2 3 4 6 9 12 18 36
54 : 1 2 3 6 9 18 27 54
81 : 1 3 9 27 81
108 : 1 2 3 4 6 9 12 18 27 36 54 108
162 : 1 2 3 6 9 18 27 54 81 162
324 : 1 2 3 4 6 9 12 18 27 36 54 81 108 162 324

1 : 1
2 : 1 2
4 : 1 2 4
8 : 1 2 4 8
13 : 1 13
16 : 1 2 4 8 16
26 : 1 2 13 26
32 : 1 2 4 8 16 32
52 : 1 2 4 13 26 52
104 : 1 2 4 8 13 26 52 104
208 : 1 2 4 8 13 16 26 52 104 208
416 : 1 2 4 8 13 16 26 32 52 104 208 416

1 : 1
2 : 1 2
4 : 1 2 4
8 : 1 2 4 8
16 : 1 2 4 8 16
32 : 1 2 4 8 16 32
64 : 1 2 4 8 16 32 64
128 : 1 2 4 8 16 32 64 128
256 : 1 2 4 8 16 32 64 128 256
512 : 1 2 4 8 16 32 64 128 256 512

1 : 1
2 : 1 2
4 : 1 2 4
5 : 1 5
8 : 1 2 4 8
10 : 1 2 5 10
20 : 1 2 4 5 10 20
25 : 1 5 25
40 : 1 2 4 5 8 10 20 40
50 : 1 2 5 10 25 50
100 : 1 2 4 5 10 20 25 50 100
125 : 1 5 25 125
200 : 1 2 4 5 8 10 20 25 40 50 100 200
250 : 1 2 5 10 25 50 125 250
500 : 1 2 4 5 10 20 25 50 100 125 250 500
1000 : 1 2 4 5 8 10 20 25 40 50 100 125 200 250 500 1000

1 : 1
2 : 1 2
4 : 1 2 4
5 : 1 5
8 : 1 2 4 8
10 : 1 2 5 10
16 : 1 2 4 8 16
20 : 1 2 4 5 10 20
25 : 1 5 25
32 : 1 2 4 8 16 32
40 : 1 2 4 5 8 10 20 40
50 : 1 2 5 10 25 50
64 : 1 2 4 8 16 32 64
80 : 1 2 4 5 8 10 16 20 40 80
100 : 1 2 4 5 10 20 25 50 100
125 : 1 5 25 125
128 : 1 2 4 8 16 32 64 128
160 : 1 2 4 5 8 10 16 20 32 40 80 160
200 : 1 2 4 5 8 10 20 25 40 50 100 200
250 : 1 2 5 10 25 50 125 250
320 : 1 2 4 5 8 10 16 20 32 40 64 80 160 320
400 : 1 2 4 5 8 10 16 20 25 40 50 80 100 200 400
500 : 1 2 4 5 10 20 25 50 100 125 250 500
640 : 1 2 4 5 8 10 16 20 32 40 64 80 128 160 320 640
800 : 1 2 4 5 8 10 16 20 25 32 40 50 80 100 160 200 400 800
1000 : 1 2 4 5 8 10 20 25 40 50 100 125 200 250 500 1000
1600 : 1 2 4 5 8 10 16 20 25 32 40 50 64 80 100 160 200 320 400 800 1600
2000 : 1 2 4 5 8 10 16 20 25 40 50 80 100 125 200 250 400 500 1000 2000
3200 : 1 2 4 5 8 10 16 20 25 32 40 50 64 80 100 128 160 200 320 400 640 800 1600
 3200
4000 : 1 2 4 5 8 10 16 20 25 32 40 50 80 100 125 160 200 250 400 500 800 1000 20
00 4000
8000 : 1 2 4 5 8 10 16 20 25 32 40 50 64 80 100 125 160 200 250 320 400 500 800
1000 1600 2000 4000 8000
16000 : 1 2 4 5 8 10 16 20 25 32 40 50 64 80 100 125 128 160 200 250 320 400 500
 640 800 1000 1600 2000 3200 4000 8000 16000

1 : 1
2 : 1 2
4 : 1 2 4
5 : 1 5
8 : 1 2 4 8
10 : 1 2 5 10
16 : 1 2 4 8 16
20 : 1 2 4 5 10 20
25 : 1 5 25
32 : 1 2 4 8 16 32
40 : 1 2 4 5 8 10 20 40
50 : 1 2 5 10 25 50
64 : 1 2 4 8 16 32 64
80 : 1 2 4 5 8 10 16 20 40 80
100 : 1 2 4 5 10 20 25 50 100
125 : 1 5 25 125
128 : 1 2 4 8 16 32 64 128
160 : 1 2 4 5 8 10 16 20 32 40 80 160
200 : 1 2 4 5 8 10 20 25 40 50 100 200
250 : 1 2 5 10 25 50 125 250
256 : 1 2 4 8 16 32 64 128 256
320 : 1 2 4 5 8 10 16 20 32 40 64 80 160 320
400 : 1 2 4 5 8 10 16 20 25 40 50 80 100 200 400
500 : 1 2 4 5 10 20 25 50 100 125 250 500
640 : 1 2 4 5 8 10 16 20 32 40 64 80 128 160 320 640
800 : 1 2 4 5 8 10 16 20 25 32 40 50 80 100 160 200 400 800
1000 : 1 2 4 5 8 10 20 25 40 50 100 125 200 250 500 1000
1280 : 1 2 4 5 8 10 16 20 32 40 64 80 128 160 256 320 640 1280
1600 : 1 2 4 5 8 10 16 20 25 32 40 50 64 80 100 160 200 320 400 800 1600
2000 : 1 2 4 5 8 10 16 20 25 40 50 80 100 125 200 250 400 500 1000 2000
3200 : 1 2 4 5 8 10 16 20 25 32 40 50 64 80 100 128 160 200 320 400 640 800 1600
 3200
4000 : 1 2 4 5 8 10 16 20 25 32 40 50 80 100 125 160 200 250 400 500 800 1000 20
00 4000
6400 : 1 2 4 5 8 10 16 20 25 32 40 50 64 80 100 128 160 200 256 320 400 640 800
1280 1600 3200 6400
8000 : 1 2 4 5 8 10 16 20 25 32 40 50 64 80 100 125 160 200 250 320 400 500 800
1000 1600 2000 4000 8000
16000 : 1 2 4 5 8 10 16 20 25 32 40 50 64 80 100 125 128 160 200 250 320 400 500
 640 800 1000 1600 2000 3200 4000 8000 16000
32000 : 1 2 4 5 8 10 16 20 25 32 40 50 64 80 100 125 128 160 200 250 256 320 400
 500 640 800 1000 1280 1600 2000 3200 4000 6400 8000 16000 32000
